{
  "metadata": {
    "name": "irp_hanoi_lognormal_50_customers_seed42",
    "n": 50,
    "T": 7,
    "m": 3,
    "c_d": 3500.0,
    "c_t": 74000.0,
    "Q": 500.0
  },
  "depot": {
    "index": 0,
    "lon": 105.864567,
    "lat": 20.996789
  },
  "customers": [
    {
      "customer_id": 0,
      "lon": 105.86789,
      "lat": 21.001234,
      "initial_inventory": 89.0,
      "min_inventory": 19.0,
      "tank_capacity": 155.0,
      "lead_time_days": 18.0,
      "service_time_h": 0.25,
      "holding_cost_vnd": 431.0,
      "time_window_start_h": 14.0,
      "time_window_end_h": 18.0,
      "daily_demand": [
        21.0,
        16.0,
        15.0,
        11.0,
        9.0,
        13.0,
        15.0
      ]
    },
    {
      "customer_id": 1,
      "lon": 105.864567,
      "lat": 21.003456,
      "initial_inventory": 122.0,
      "min_inventory": 24.0,
      "tank_capacity": 239.0,
      "lead_time_days": 18.0,
      "service_time_h": 0.25,
      "holding_cost_vnd": 443.0,
      "time_window_start_h": 14.0,
      "time_window_end_h": 18.0,
      "daily_demand": [
        45.0,
        28.0,
        36.0,
        23.0,
        19.0,
        20.0,
        22.0
      ]
    },
    {
      "customer_id": 2,
      "lon": 105.872345,
      "lat": 20.998901,
      "initial_inventory": 65.0,
      "min_inventory": 30.0,
      "tank_capacity": 170.0,
      "lead_time_days": 18.0,
      "service_time_h": 0.25,
      "holding_cost_vnd": 249.0,
      "time_window_start_h": 14.0,
      "time_window_end_h": 18.0,
      "daily_demand": [
        31.0,
        13.0,
        21.0,
        12.0,
        21.0,
        18.0,
        16.0
      ]
    },
    {
      "customer_id": 3,
      "lon": 105.878901,
      "lat": 21.002345,
      "initial_inventory": 139.0,
      "min_inventory": 39.0,
      "tank_capacity": 236.0,
      "lead_time_days": 18.0,
      "service_time_h": 0.25,
      "holding_cost_vnd": 161.0,
      "time_window_start_h": 14.0,
      "time_window_end_h": 18.0,
      "daily_demand": [
        24.0,
        20.0,
        27.0,
        21.0,
        17.0,
        16.0,
        25.0
      ]
    },
    {
      "customer_id": 4,
      "lon": 105.848901,
      "lat": 21.005678,
      "initial_inventory": 90.0,
      "min_inventory": 29.0,
      "tank_capacity": 169.0,
      "lead_time_days": 12.0,
      "service_time_h": 0.25,
      "holding_cost_vnd": 340.0,
      "time_window_start_h": 8.0,
      "time_window_end_h": 12.0,
      "daily_demand": [
        35.0,
        23.0,
        21.0,
        24.0,
        33.0,
        23.0,
        19.0
      ]
    },
    {
      "customer_id": 5,
      "lon": 105.845678,
      "lat": 20.993456,
      "initial_inventory": 140.0,
      "min_inventory": 48.0,
      "tank_capacity": 271.0,
      "lead_time_days": 18.0,
      "service_time_h": 0.25,
      "holding_cost_vnd": 148.0,
      "time_window_start_h": 14.0,
      "time_window_end_h": 18.0,
      "daily_demand": [
        35.0,
        28.0,
        39.0,
        26.0,
        17.0,
        16.0,
        41.0
      ]
    },
    {
      "customer_id": 6,
      "lon": 105.84789,
      "lat": 21.013456,
      "initial_inventory": 35.0,
      "min_inventory": 12.0,
      "tank_capacity": 80.0,
      "lead_time_days": 18.0,
      "service_time_h": 0.25,
      "holding_cost_vnd": 246.0,
      "time_window_start_h": 14.0,
      "time_window_end_h": 18.0,
      "daily_demand": [
        11.0,
        6.0,
        6.0,
        10.0,
        5.0,
        5.0,
        8.0
      ]
    },
    {
      "customer_id": 7,
      "lon": 105.843456,
      "lat": 20.982345,
      "initial_inventory": 63.0,
      "min_inventory": 26.0,
      "tank_capacity": 166.0,
      "lead_time_days": 18.0,
      "service_time_h": 0.25,
      "holding_cost_vnd": 483.0,
      "time_window_start_h": 14.0,
      "time_window_end_h": 18.0,
      "daily_demand": [
        14.0,
        16.0,
        15.0,
        18.0,
        25.0,
        17.0,
        20.0
      ]
    },
    {
      "customer_id": 8,
      "lon": 105.838901,
      "lat": 21.008901,
      "initial_inventory": 39.0,
      "min_inventory": 14.0,
      "tank_capacity": 119.0,
      "lead_time_days": 18.0,
      "service_time_h": 0.25,
      "holding_cost_vnd": 498.0,
      "time_window_start_h": 14.0,
      "time_window_end_h": 18.0,
      "daily_demand": [
        8.0,
        15.0,
        12.0,
        11.0,
        12.0,
        14.0,
        20.0
      ]
    },
    {
      "customer_id": 9,
      "lon": 105.836789,
      "lat": 20.984567,
      "initial_inventory": 127.0,
      "min_inventory": 25.0,
      "tank_capacity": 223.0,
      "lead_time_days": 18.0,
      "service_time_h": 0.25,
      "holding_cost_vnd": 409.0,
      "time_window_start_h": 14.0,
      "time_window_end_h": 18.0,
      "daily_demand": [
        17.0,
        25.0,
        21.0,
        23.0,
        34.0,
        29.0,
        37.0
      ]
    },
    {
      "customer_id": 10,
      "lon": 105.846789,
      "lat": 21.025678,
      "initial_inventory": 90.0,
      "min_inventory": 35.0,
      "tank_capacity": 207.0,
      "lead_time_days": 18.0,
      "service_time_h": 0.25,
      "holding_cost_vnd": 224.0,
      "time_window_start_h": 14.0,
      "time_window_end_h": 18.0,
      "daily_demand": [
        23.0,
        19.0,
        22.0,
        26.0,
        25.0,
        17.0,
        25.0
      ]
    },
    {
      "customer_id": 11,
      "lon": 105.836789,
      "lat": 20.974567,
      "initial_inventory": 81.0,
      "min_inventory": 33.0,
      "tank_capacity": 225.0,
      "lead_time_days": 18.0,
      "service_time_h": 0.25,
      "holding_cost_vnd": 375.0,
      "time_window_start_h": 14.0,
      "time_window_end_h": 18.0,
      "daily_demand": [
        23.0,
        45.0,
        37.0,
        16.0,
        19.0,
        14.0,
        18.0
      ]
    },
    {
      "customer_id": 12,
      "lon": 105.828901,
      "lat": 21.005678,
      "initial_inventory": 62.0,
      "min_inventory": 25.0,
      "tank_capacity": 157.0,
      "lead_time_days": 12.0,
      "service_time_h": 0.25,
      "holding_cost_vnd": 382.0,
      "time_window_start_h": 8.0,
      "time_window_end_h": 12.0,
      "daily_demand": [
        18.0,
        23.0,
        13.0,
        13.0,
        9.0,
        15.0,
        12.0
      ]
    },
    {
      "customer_id": 13,
      "lon": 105.823456,
      "lat": 20.99789,
      "initial_inventory": 126.0,
      "min_inventory": 47.0,
      "tank_capacity": 267.0,
      "lead_time_days": 18.0,
      "service_time_h": 0.25,
      "holding_cost_vnd": 255.0,
      "time_window_start_h": 14.0,
      "time_window_end_h": 18.0,
      "daily_demand": [
        22.0,
        20.0,
        25.0,
        15.0,
        17.0,
        49.0,
        18.0
      ]
    },
    {
      "customer_id": 14,
      "lon": 105.826789,
      "lat": 21.01789,
      "initial_inventory": 88.0,
      "min_inventory": 41.0,
      "tank_capacity": 248.0,
      "lead_time_days": 18.0,
      "service_time_h": 0.25,
      "holding_cost_vnd": 356.0,
      "time_window_start_h": 14.0,
      "time_window_end_h": 18.0,
      "daily_demand": [
        20.0,
        48.0,
        66.0,
        20.0,
        25.0,
        31.0,
        47.0
      ]
    },
    {
      "customer_id": 15,
      "lon": 105.839012,
      "lat": 21.032345,
      "initial_inventory": 45.0,
      "min_inventory": 12.0,
      "tank_capacity": 80.0,
      "lead_time_days": 18.0,
      "service_time_h": 0.25,
      "holding_cost_vnd": 104.0,
      "time_window_start_h": 14.0,
      "time_window_end_h": 18.0,
      "daily_demand": [
        4.0,
        5.0,
        7.0,
        7.0,
        5.0,
        6.0,
        4.0
      ]
    },
    {
      "customer_id": 16,
      "lon": 105.835678,
      "lat": 21.030123,
      "initial_inventory": 42.0,
      "min_inventory": 12.0,
      "tank_capacity": 80.0,
      "lead_time_days": 18.0,
      "service_time_h": 0.25,
      "holding_cost_vnd": 184.0,
      "time_window_start_h": 14.0,
      "time_window_end_h": 18.0,
      "daily_demand": [
        6.0,
        6.0,
        7.0,
        6.0,
        8.0,
        9.0,
        7.0
      ]
    },
    {
      "customer_id": 17,
      "lon": 105.82789,
      "lat": 21.025678,
      "initial_inventory": 101.0,
      "min_inventory": 25.0,
      "tank_capacity": 195.0,
      "lead_time_days": 18.0,
      "service_time_h": 0.25,
      "holding_cost_vnd": 310.0,
      "time_window_start_h": 14.0,
      "time_window_end_h": 18.0,
      "daily_demand": [
        29.0,
        26.0,
        26.0,
        21.0,
        28.0,
        25.0,
        48.0
      ]
    },
    {
      "customer_id": 18,
      "lon": 105.830123,
      "lat": 21.028901,
      "initial_inventory": 72.0,
      "min_inventory": 17.0,
      "tank_capacity": 168.0,
      "lead_time_days": 18.0,
      "service_time_h": 0.25,
      "holding_cost_vnd": 166.0,
      "time_window_start_h": 14.0,
      "time_window_end_h": 18.0,
      "daily_demand": [
        26.0,
        18.0,
        13.0,
        12.0,
        23.0,
        18.0,
        19.0
      ]
    },
    {
      "customer_id": 19,
      "lon": 105.812345,
      "lat": 21.015678,
      "initial_inventory": 41.0,
      "min_inventory": 12.0,
      "tank_capacity": 83.0,
      "lead_time_days": 18.0,
      "service_time_h": 0.25,
      "holding_cost_vnd": 166.0,
      "time_window_start_h": 14.0,
      "time_window_end_h": 18.0,
      "daily_demand": [
        5.0,
        11.0,
        10.0,
        6.0,
        7.0,
        9.0,
        9.0
      ]
    },
    {
      "customer_id": 20,
      "lon": 105.818901,
      "lat": 21.038901,
      "initial_inventory": 101.0,
      "min_inventory": 26.0,
      "tank_capacity": 212.0,
      "lead_time_days": 18.0,
      "service_time_h": 0.25,
      "holding_cost_vnd": 435.0,
      "time_window_start_h": 14.0,
      "time_window_end_h": 18.0,
      "daily_demand": [
        19.0,
        20.0,
        20.0,
        22.0,
        33.0,
        10.0,
        20.0
      ]
    },
    {
      "customer_id": 21,
      "lon": 105.81789,
      "lat": 21.016789,
      "initial_inventory": 73.0,
      "min_inventory": 21.0,
      "tank_capacity": 148.0,
      "lead_time_days": 18.0,
      "service_time_h": 0.25,
      "holding_cost_vnd": 496.0,
      "time_window_start_h": 14.0,
      "time_window_end_h": 18.0,
      "daily_demand": [
        18.0,
        19.0,
        15.0,
        10.0,
        19.0,
        29.0,
        11.0
      ]
    },
    {
      "customer_id": 22,
      "lon": 105.816789,
      "lat": 21.028901,
      "initial_inventory": 41.0,
      "min_inventory": 23.0,
      "tank_capacity": 125.0,
      "lead_time_days": 18.0,
      "service_time_h": 0.25,
      "holding_cost_vnd": 322.0,
      "time_window_start_h": 14.0,
      "time_window_end_h": 18.0,
      "daily_demand": [
        15.0,
        10.0,
        11.0,
        8.0,
        10.0,
        17.0,
        14.0
      ]
    },
    {
      "customer_id": 23,
      "lon": 105.839012,
      "lat": 21.056789,
      "initial_inventory": 86.0,
      "min_inventory": 25.0,
      "tank_capacity": 203.0,
      "lead_time_days": 18.0,
      "service_time_h": 0.25,
      "holding_cost_vnd": 436.0,
      "time_window_start_h": 14.0,
      "time_window_end_h": 18.0,
      "daily_demand": [
        32.0,
        27.0,
        22.0,
        32.0,
        22.0,
        25.0,
        17.0
      ]
    },
    {
      "customer_id": 24,
      "lon": 105.808901,
      "lat": 21.033456,
      "initial_inventory": 25.0,
      "min_inventory": 8.0,
      "tank_capacity": 80.0,
      "lead_time_days": 18.0,
      "service_time_h": 0.25,
      "holding_cost_vnd": 496.0,
      "time_window_start_h": 14.0,
      "time_window_end_h": 18.0,
      "daily_demand": [
        8.0,
        6.0,
        10.0,
        5.0,
        10.0,
        7.0,
        11.0
      ]
    },
    {
      "customer_id": 25,
      "lon": 105.804567,
      "lat": 21.035678,
      "initial_inventory": 90.0,
      "min_inventory": 26.0,
      "tank_capacity": 200.0,
      "lead_time_days": 18.0,
      "service_time_h": 0.25,
      "holding_cost_vnd": 157.0,
      "time_window_start_h": 14.0,
      "time_window_end_h": 18.0,
      "daily_demand": [
        31.0,
        43.0,
        31.0,
        16.0,
        24.0,
        17.0,
        21.0
      ]
    },
    {
      "customer_id": 26,
      "lon": 105.801234,
      "lat": 21.034567,
      "initial_inventory": 59.0,
      "min_inventory": 19.0,
      "tank_capacity": 147.0,
      "lead_time_days": 18.0,
      "service_time_h": 0.25,
      "holding_cost_vnd": 279.0,
      "time_window_start_h": 14.0,
      "time_window_end_h": 18.0,
      "daily_demand": [
        26.0,
        20.0,
        13.0,
        12.0,
        16.0,
        11.0,
        13.0
      ]
    },
    {
      "customer_id": 27,
      "lon": 105.801234,
      "lat": 21.035678,
      "initial_inventory": 32.0,
      "min_inventory": 15.0,
      "tank_capacity": 93.0,
      "lead_time_days": 18.0,
      "service_time_h": 0.25,
      "holding_cost_vnd": 257.0,
      "time_window_start_h": 14.0,
      "time_window_end_h": 18.0,
      "daily_demand": [
        14.0,
        18.0,
        15.0,
        6.0,
        14.0,
        13.0,
        14.0
      ]
    },
    {
      "customer_id": 28,
      "lon": 105.798901,
      "lat": 21.033456,
      "initial_inventory": 26.0,
      "min_inventory": 12.0,
      "tank_capacity": 80.0,
      "lead_time_days": 12.0,
      "service_time_h": 0.25,
      "holding_cost_vnd": 132.0,
      "time_window_start_h": 8.0,
      "time_window_end_h": 12.0,
      "daily_demand": [
        8.0,
        3.0,
        4.0,
        6.0,
        3.0,
        7.0,
        5.0
      ]
    },
    {
      "customer_id": 29,
      "lon": 105.788901,
      "lat": 20.978901,
      "initial_inventory": 99.0,
      "min_inventory": 37.0,
      "tank_capacity": 207.0,
      "lead_time_days": 18.0,
      "service_time_h": 0.25,
      "holding_cost_vnd": 402.0,
      "time_window_start_h": 14.0,
      "time_window_end_h": 18.0,
      "daily_demand": [
        27.0,
        18.0,
        27.0,
        29.0,
        23.0,
        23.0,
        23.0
      ]
    },
    {
      "customer_id": 30,
      "lon": 105.792345,
      "lat": 21.025678,
      "initial_inventory": 51.0,
      "min_inventory": 24.0,
      "tank_capacity": 144.0,
      "lead_time_days": 18.0,
      "service_time_h": 0.25,
      "holding_cost_vnd": 274.0,
      "time_window_start_h": 14.0,
      "time_window_end_h": 18.0,
      "daily_demand": [
        11.0,
        14.0,
        14.0,
        16.0,
        19.0,
        10.0,
        14.0
      ]
    },
    {
      "customer_id": 31,
      "lon": 105.794567,
      "lat": 21.031234,
      "initial_inventory": 114.0,
      "min_inventory": 28.0,
      "tank_capacity": 197.0,
      "lead_time_days": 18.0,
      "service_time_h": 0.25,
      "holding_cost_vnd": 288.0,
      "time_window_start_h": 14.0,
      "time_window_end_h": 18.0,
      "daily_demand": [
        28.0,
        15.0,
        14.0,
        19.0,
        23.0,
        18.0,
        27.0
      ]
    },
    {
      "customer_id": 32,
      "lon": 105.798901,
      "lat": 21.041234,
      "initial_inventory": 108.0,
      "min_inventory": 41.0,
      "tank_capacity": 228.0,
      "lead_time_days": 12.0,
      "service_time_h": 0.25,
      "holding_cost_vnd": 160.0,
      "time_window_start_h": 8.0,
      "time_window_end_h": 12.0,
      "daily_demand": [
        35.0,
        34.0,
        32.0,
        54.0,
        25.0,
        15.0,
        43.0
      ]
    },
    {
      "customer_id": 33,
      "lon": 105.792345,
      "lat": 21.030123,
      "initial_inventory": 34.0,
      "min_inventory": 10.0,
      "tank_capacity": 83.0,
      "lead_time_days": 18.0,
      "service_time_h": 0.25,
      "holding_cost_vnd": 172.0,
      "time_window_start_h": 14.0,
      "time_window_end_h": 18.0,
      "daily_demand": [
        8.0,
        10.0,
        14.0,
        6.0,
        7.0,
        6.0,
        8.0
      ]
    },
    {
      "customer_id": 34,
      "lon": 105.790123,
      "lat": 21.028901,
      "initial_inventory": 103.0,
      "min_inventory": 22.0,
      "tank_capacity": 216.0,
      "lead_time_days": 18.0,
      "service_time_h": 0.25,
      "holding_cost_vnd": 463.0,
      "time_window_start_h": 14.0,
      "time_window_end_h": 18.0,
      "daily_demand": [
        27.0,
        28.0,
        26.0,
        16.0,
        12.0,
        24.0,
        21.0
      ]
    },
    {
      "customer_id": 35,
      "lon": 105.821234,
      "lat": 21.066789,
      "initial_inventory": 56.0,
      "min_inventory": 20.0,
      "tank_capacity": 184.0,
      "lead_time_days": 18.0,
      "service_time_h": 0.25,
      "holding_cost_vnd": 118.0,
      "time_window_start_h": 14.0,
      "time_window_end_h": 18.0,
      "daily_demand": [
        26.0,
        28.0,
        24.0,
        29.0,
        25.0,
        27.0,
        19.0
      ]
    },
    {
      "customer_id": 36,
      "lon": 105.784567,
      "lat": 20.975678,
      "initial_inventory": 47.0,
      "min_inventory": 14.0,
      "tank_capacity": 80.0,
      "lead_time_days": 18.0,
      "service_time_h": 0.25,
      "holding_cost_vnd": 193.0,
      "time_window_start_h": 14.0,
      "time_window_end_h": 18.0,
      "daily_demand": [
        9.0,
        10.0,
        12.0,
        8.0,
        11.0,
        9.0,
        9.0
      ]
    },
    {
      "customer_id": 37,
      "lon": 105.782345,
      "lat": 21.011234,
      "initial_inventory": 81.0,
      "min_inventory": 27.0,
      "tank_capacity": 182.0,
      "lead_time_days": 12.0,
      "service_time_h": 0.25,
      "holding_cost_vnd": 217.0,
      "time_window_start_h": 8.0,
      "time_window_end_h": 12.0,
      "daily_demand": [
        26.0,
        11.0,
        14.0,
        13.0,
        10.0,
        16.0,
        25.0
      ]
    },
    {
      "customer_id": 38,
      "lon": 105.778901,
      "lat": 20.982345,
      "initial_inventory": 83.0,
      "min_inventory": 18.0,
      "tank_capacity": 156.0,
      "lead_time_days": 18.0,
      "service_time_h": 0.25,
      "holding_cost_vnd": 296.0,
      "time_window_start_h": 14.0,
      "time_window_end_h": 18.0,
      "daily_demand": [
        18.0,
        20.0,
        27.0,
        28.0,
        19.0,
        29.0,
        20.0
      ]
    },
    {
      "customer_id": 39,
      "lon": 105.785678,
      "lat": 21.041234,
      "initial_inventory": 91.0,
      "min_inventory": 42.0,
      "tank_capacity": 280.0,
      "lead_time_days": 18.0,
      "service_time_h": 0.25,
      "holding_cost_vnd": 335.0,
      "time_window_start_h": 14.0,
      "time_window_end_h": 18.0,
      "daily_demand": [
        22.0,
        24.0,
        18.0,
        22.0,
        26.0,
        36.0,
        48.0
      ]
    },
    {
      "customer_id": 40,
      "lon": 105.773456,
      "lat": 20.965678,
      "initial_inventory": 87.0,
      "min_inventory": 23.0,
      "tank_capacity": 196.0,
      "lead_time_days": 18.0,
      "service_time_h": 0.25,
      "holding_cost_vnd": 297.0,
      "time_window_start_h": 14.0,
      "time_window_end_h": 18.0,
      "daily_demand": [
        15.0,
        25.0,
        16.0,
        25.0,
        21.0,
        13.0,
        29.0
      ]
    },
    {
      "customer_id": 41,
      "lon": 105.770123,
      "lat": 21.028901,
      "initial_inventory": 89.0,
      "min_inventory": 34.0,
      "tank_capacity": 198.0,
      "lead_time_days": 12.0,
      "service_time_h": 0.25,
      "holding_cost_vnd": 134.0,
      "time_window_start_h": 8.0,
      "time_window_end_h": 12.0,
      "daily_demand": [
        16.0,
        16.0,
        14.0,
        16.0,
        22.0,
        18.0,
        21.0
      ]
    },
    {
      "customer_id": 42,
      "lon": 105.762345,
      "lat": 20.971234,
      "initial_inventory": 121.0,
      "min_inventory": 30.0,
      "tank_capacity": 208.0,
      "lead_time_days": 18.0,
      "service_time_h": 0.25,
      "holding_cost_vnd": 197.0,
      "time_window_start_h": 14.0,
      "time_window_end_h": 18.0,
      "daily_demand": [
        23.0,
        31.0,
        19.0,
        14.0,
        29.0,
        19.0,
        29.0
      ]
    },
    {
      "customer_id": 43,
      "lon": 105.775678,
      "lat": 21.062345,
      "initial_inventory": 76.0,
      "min_inventory": 22.0,
      "tank_capacity": 162.0,
      "lead_time_days": 18.0,
      "service_time_h": 0.25,
      "holding_cost_vnd": 437.0,
      "time_window_start_h": 14.0,
      "time_window_end_h": 18.0,
      "daily_demand": [
        21.0,
        18.0,
        21.0,
        34.0,
        36.0,
        20.0,
        20.0
      ]
    },
    {
      "customer_id": 44,
      "lon": 105.750123,
      "lat": 20.976789,
      "initial_inventory": 92.0,
      "min_inventory": 27.0,
      "tank_capacity": 208.0,
      "lead_time_days": 18.0,
      "service_time_h": 0.25,
      "holding_cost_vnd": 355.0,
      "time_window_start_h": 14.0,
      "time_window_end_h": 18.0,
      "daily_demand": [
        28.0,
        16.0,
        22.0,
        20.0,
        22.0,
        16.0,
        12.0
      ]
    },
    {
      "customer_id": 45,
      "lon": 105.758901,
      "lat": 21.046789,
      "initial_inventory": 41.0,
      "min_inventory": 18.0,
      "tank_capacity": 108.0,
      "lead_time_days": 18.0,
      "service_time_h": 0.25,
      "holding_cost_vnd": 360.0,
      "time_window_start_h": 14.0,
      "time_window_end_h": 18.0,
      "daily_demand": [
        6.0,
        8.0,
        9.0,
        10.0,
        19.0,
        15.0,
        8.0
      ]
    },
    {
      "customer_id": 46,
      "lon": 105.781234,
      "lat": 21.078901,
      "initial_inventory": 90.0,
      "min_inventory": 31.0,
      "tank_capacity": 226.0,
      "lead_time_days": 18.0,
      "service_time_h": 0.25,
      "holding_cost_vnd": 368.0,
      "time_window_start_h": 14.0,
      "time_window_end_h": 18.0,
      "daily_demand": [
        29.0,
        23.0,
        24.0,
        27.0,
        31.0,
        23.0,
        36.0
      ]
    },
    {
      "customer_id": 47,
      "lon": 105.780123,
      "lat": 21.082345,
      "initial_inventory": 95.0,
      "min_inventory": 23.0,
      "tank_capacity": 208.0,
      "lead_time_days": 18.0,
      "service_time_h": 0.25,
      "holding_cost_vnd": 405.0,
      "time_window_start_h": 14.0,
      "time_window_end_h": 18.0,
      "daily_demand": [
        18.0,
        25.0,
        54.0,
        27.0,
        38.0,
        26.0,
        30.0
      ]
    },
    {
      "customer_id": 48,
      "lon": 105.745678,
      "lat": 21.036789,
      "initial_inventory": 85.0,
      "min_inventory": 22.0,
      "tank_capacity": 197.0,
      "lead_time_days": 18.0,
      "service_time_h": 0.25,
      "holding_cost_vnd": 123.0,
      "time_window_start_h": 14.0,
      "time_window_end_h": 18.0,
      "daily_demand": [
        20.0,
        19.0,
        16.0,
        23.0,
        16.0,
        25.0,
        28.0
      ]
    },
    {
      "customer_id": 49,
      "lon": 105.715678,
      "lat": 21.089012,
      "initial_inventory": 25.0,
      "min_inventory": 16.0,
      "tank_capacity": 80.0,
      "lead_time_days": 18.0,
      "service_time_h": 0.25,
      "holding_cost_vnd": 247.0,
      "time_window_start_h": 14.0,
      "time_window_end_h": 18.0,
      "daily_demand": [
        7.0,
        6.0,
        8.0,
        6.0,
        9.0,
        4.0,
        6.0
      ]
    }
  ],
  "distance_matrix_km": [
    [
      0.0,
      1.56115,
      1.5354999999999999,
      1.4132000000000002,
      2.57715,
      3.17565,
      3.0123499999999996,
      3.5358,
      3.98445,
      4.50115,
      4.698049999999999,
      5.19805,
      5.609249999999999,
      5.63495,
      5.2283,
      6.1892,
      6.67375,
      6.984999999999999,
      6.67825,
      7.232200000000001,
      7.3131,
      10.576900000000002,
      7.06175,
      9.24215,
      10.131599999999999,
      9.861849999999999,
      9.9003,
      10.0726,
      10.19615,
      9.8091,
      10.2381,
      9.287949999999999,
      10.5703,
      10.83585,
      9.97155,
      10.49175,
      11.01475,
      10.080400000000001,
      10.2952,
      10.3127,
      11.8122,
      11.75365,
      13.93595,
      12.659500000000001,
      16.8251,
      14.77185,
      14.6903,
      18.1276,
      18.12805,
      16.2169,
      24.13395
    ],
    [
      1.56115,
      0.0,
      0.612,
      1.2165499999999998,
      2.3805500000000004,
      2.8487999999999998,
      4.2071000000000005,
      3.3148,
      5.041650000000001,
      4.3454999999999995,
      5.75525,
      4.83875,
      6.666449999999999,
      6.2524,
      6.42305,
      6.0881,
      6.2241,
      6.535450000000001,
      6.5771,
      6.9467,
      8.507850000000001,
      8.806550000000001,
      7.4969,
      8.6593,
      9.20055,
      11.0566,
      11.0951,
      11.267399999999999,
      11.39095,
      11.003900000000002,
      11.43285,
      10.482700000000001,
      11.7651,
      12.030550000000002,
      11.1663,
      11.68655,
      10.0837,
      11.2752,
      11.489899999999999,
      11.5074,
      13.00695,
      12.948450000000001,
      15.13065,
      13.85425,
      18.01985,
      15.966650000000001,
      15.885100000000001,
      17.290550000000003,
      17.62945,
      17.4116,
      25.328699999999998
    ],
    [
      1.5354999999999999,
      0.612,
      0.0,
      1.41115,
      2.5751,
      2.6027500000000003,
      3.80275,
      2.82565,
      4.78425,
      3.8563,
      5.49785,
      4.5253,
      6.40905,
      5.12625,
      6.0187,
      5.5988999999999995,
      5.998950000000001,
      6.31025,
      6.08795,
      6.4283,
      7.5139,
      8.739999999999998,
      6.6206499999999995,
      8.434149999999999,
      9.13405,
      9.944849999999999,
      10.690750000000001,
      10.86305,
      10.9866,
      10.59955,
      11.02855,
      10.07835,
      11.36075,
      11.6262,
      10.762,
      11.28215,
      10.017199999999999,
      10.87085,
      11.0856,
      11.10305,
      12.60265,
      12.5441,
      14.726299999999998,
      13.4499,
      17.6155,
      15.5623,
      15.48075,
      17.224,
      17.56295,
      17.00725,
      24.924400000000002
    ],
    [
      1.4132000000000002,
      1.2165499999999998,
      1.41115,
      0.0,
      1.82455,
      3.66505,
      4.0592,
      3.8879,
      5.03125,
      4.91855,
      5.7448500000000005,
      5.017199999999999,
      6.6560500000000005,
      6.681800000000001,
      6.2751,
      6.66125,
      6.597849999999999,
      6.9091000000000005,
      7.1502,
      7.3203499999999995,
      8.3599,
      8.98495,
      8.108550000000001,
      9.03295,
      9.379000000000001,
      10.90865,
      10.94715,
      11.11945,
      11.242999999999999,
      10.85595,
      11.2849,
      10.33475,
      11.617149999999999,
      11.88265,
      11.018349999999998,
      11.538599999999999,
      10.26215,
      11.12725,
      11.342,
      11.3595,
      12.859,
      12.8005,
      14.98275,
      13.70635,
      17.871899999999997,
      15.8187,
      15.73715,
      18.3142,
      17.80795,
      17.2637,
      25.18075
    ],
    [
      2.57715,
      2.3805500000000004,
      2.5751,
      1.82455,
      0.0,
      4.370699999999999,
      5.2231000000000005,
      4.5935500000000005,
      6.1952,
      5.62425,
      6.908850000000001,
      5.7229,
      7.82005,
      6.8942499999999995,
      7.43905,
      7.366899999999999,
      7.3035,
      7.614750000000001,
      7.8559,
      8.02605,
      9.52385,
      9.69065,
      8.8255,
      9.73865,
      10.0847,
      11.15075,
      11.344899999999999,
      12.283349999999999,
      11.640799999999999,
      12.0199,
      12.44885,
      11.498700000000001,
      12.78105,
      13.046600000000002,
      12.18235,
      12.7025,
      10.9678,
      12.29115,
      12.50595,
      12.52345,
      14.02295,
      13.96445,
      16.1467,
      14.870249999999999,
      19.035849999999996,
      16.98265,
      16.9011,
      18.17465,
      18.5136,
      18.42765,
      26.344749999999998
    ],
    [
      3.17565,
      2.8487999999999998,
      2.6027500000000003,
      3.66505,
      4.370699999999999,
      0.0,
      2.82995,
      1.3147,
      3.71155,
      2.34465,
      4.4642,
      2.988,
      5.3754,
      3.61465,
      5.0459,
      4.0873,
      4.3866000000000005,
      4.69785,
      4.57625,
      4.91665,
      5.5519,
      7.40775,
      5.10905,
      6.8217,
      9.8238,
      7.754099999999999,
      8.140649999999999,
      8.1561,
      8.436499999999999,
      8.60985,
      10.0557,
      9.105550000000001,
      9.37105,
      9.63655,
      9.78915,
      10.30935,
      10.706949999999999,
      9.898,
      10.11275,
      10.13025,
      10.612950000000001,
      11.57125,
      13.75355,
      12.477049999999998,
      15.625800000000002,
      14.58945,
      13.491050000000001,
      17.9452,
      17.94565,
      15.017599999999998,
      22.9347
    ],
    [
      3.0123499999999996,
      4.2071000000000005,
      3.80275,
      4.0592,
      5.2231000000000005,
      2.82995,
      0.0,
      3.5086,
      2.0949999999999998,
      3.53035,
      2.04405,
      4.8797999999999995,
      3.5811,
      4.27825,
      3.8716,
      4.8041,
      5.65855,
      5.61345,
      5.293100000000001,
      5.84705,
      5.9563500000000005,
      9.177499999999998,
      5.70505,
      7.885449999999999,
      10.1471,
      8.505099999999999,
      8.543600000000001,
      8.7159,
      8.83945,
      8.4524,
      8.8814,
      7.93125,
      9.2136,
      9.479099999999999,
      8.61485,
      9.13505,
      11.0303,
      8.723700000000001,
      8.9385,
      8.955950000000001,
      10.4555,
      10.39695,
      12.57925,
      11.302800000000001,
      15.468350000000001,
      13.41515,
      13.3336,
      16.7709,
      16.771299999999997,
      14.86015,
      22.777250000000002
    ],
    [
      3.5358,
      3.3148,
      2.82565,
      3.8879,
      4.5935500000000005,
      1.3147,
      3.5086,
      0.0,
      4.3369,
      2.0921,
      4.7364,
      1.8967,
      5.87095,
      3.36205,
      4.701650000000001,
      3.7186,
      3.30755,
      3.61885,
      4.3599,
      4.24785,
      5.3847000000000005,
      6.3287,
      4.7448,
      5.742700000000001,
      7.5923,
      6.6751,
      7.06165,
      7.1231,
      7.3575,
      7.1089,
      9.9559,
      8.5766,
      8.18825,
      7.9761999999999995,
      8.81925,
      9.33945,
      8.47545,
      9.79825,
      9.861699999999999,
      10.030449999999998,
      9.22705,
      11.471499999999999,
      11.689699999999998,
      12.37735,
      14.443,
      14.489700000000001,
      12.3082,
      15.34005,
      15.45735,
      13.834800000000001,
      21.751849999999997
    ],
    [
      3.98445,
      5.041650000000001,
      4.78425,
      5.03125,
      6.1952,
      3.71155,
      2.0949999999999998,
      4.3369,
      0.0,
      4.6978,
      2.13575,
      5.8769,
      2.7609000000000004,
      5.41675,
      4.330550000000001,
      5.97155,
      6.6241,
      6.7809,
      6.46055,
      7.0145,
      7.0948,
      10.3165,
      6.843500000000001,
      9.0244,
      11.755600000000001,
      9.64355,
      9.68205,
      9.85435,
      9.97795,
      9.590900000000001,
      10.019850000000002,
      9.069650000000001,
      10.352049999999998,
      10.61755,
      9.75335,
      10.2735,
      12.6388,
      9.86215,
      10.07695,
      10.0944,
      11.59395,
      11.535400000000001,
      13.717649999999999,
      12.44125,
      16.60685,
      14.553650000000001,
      14.4721,
      17.90935,
      17.90975,
      15.9986,
      23.915750000000003
    ],
    [
      4.50115,
      4.3454999999999995,
      3.8563,
      4.91855,
      5.62425,
      2.34465,
      3.53035,
      2.0921,
      4.6978,
      0.0,
      4.6178,
      3.2389,
      5.7349,
      2.5176,
      3.85715,
      2.9902499999999996,
      3.8489,
      3.80385,
      3.4792000000000005,
      3.81965,
      4.45485,
      6.2155499999999995,
      4.012,
      5.61885,
      8.337499999999999,
      6.4436,
      6.83015,
      7.059099999999999,
      7.1259999999999994,
      6.91395,
      9.05995,
      8.10975,
      7.67515,
      7.9121500000000005,
      7.8073,
      8.572700000000001,
      9.220600000000001,
      8.90225,
      9.117049999999999,
      9.1345,
      8.917,
      10.5755,
      11.962299999999999,
      11.48135,
      13.9299,
      13.59375,
      11.795100000000001,
      15.11365,
      15.114049999999999,
      13.3217,
      21.23875
    ],
    [
      4.698049999999999,
      5.75525,
      5.49785,
      5.7448500000000005,
      6.908850000000001,
      4.4642,
      2.04405,
      4.7364,
      2.13575,
      4.6178,
      0.0,
      5.96725,
      1.7317,
      3.9788,
      3.4809,
      5.4953,
      6.63945,
      6.5944,
      6.3562,
      6.82795,
      6.218500000000001,
      9.4402,
      5.96715,
      8.148050000000001,
      11.12805,
      8.76725,
      8.80575,
      8.97805,
      9.101650000000001,
      8.71455,
      9.1435,
      8.19335,
      9.475750000000001,
      9.74125,
      8.877,
      9.3972,
      12.01115,
      8.98585,
      9.2006,
      9.2181,
      10.717600000000001,
      10.6591,
      12.84135,
      11.56495,
      15.730550000000001,
      13.67735,
      13.5958,
      17.03305,
      17.033450000000002,
      15.122300000000001,
      23.0394
    ],
    [
      5.19805,
      4.83875,
      4.5253,
      5.017199999999999,
      5.7229,
      2.988,
      4.8797999999999995,
      1.8967,
      5.8769,
      3.2389,
      5.96725,
      0.0,
      7.084300000000001,
      4.43675,
      6.046749999999999,
      3.62095,
      1.2742499999999999,
      1.6155499999999998,
      2.8020500000000004,
      2.0795,
      4.96415,
      4.29545,
      4.589499999999999,
      3.7394,
      5.9071,
      4.671849999999999,
      5.058400000000001,
      5.36815,
      5.35425,
      5.81365,
      9.944849999999999,
      6.862,
      6.893000000000001,
      6.242,
      7.0252,
      7.35595,
      6.79025,
      9.7872,
      9.091650000000001,
      10.1763,
      7.63835,
      11.46045,
      10.3945,
      12.36625,
      12.797699999999999,
      14.06935,
      11.013,
      13.28755,
      13.28795,
      12.5396,
      20.45665
    ],
    [
      5.609249999999999,
      6.666449999999999,
      6.40905,
      6.6560500000000005,
      7.82005,
      5.3754,
      3.5811,
      5.87095,
      2.7609000000000004,
      5.7349,
      1.7317,
      7.084300000000001,
      0.0,
      4.6195,
      3.7708,
      6.4146,
      7.7565,
      7.711450000000001,
      7.47335,
      7.94505,
      6.84535,
      10.55725,
      6.594,
      8.8229,
      12.2451,
      9.39405,
      9.4326,
      9.6049,
      9.72845,
      9.3414,
      8.183800000000002,
      8.8202,
      10.102599999999999,
      10.36805,
      9.503799999999998,
      10.023950000000001,
      13.1282,
      8.0261,
      8.447600000000001,
      8.25835,
      11.3444,
      9.69935,
      12.079,
      10.6052,
      16.35735,
      12.71755,
      14.222549999999998,
      17.65985,
      17.660249999999998,
      15.7491,
      23.666199999999996
    ],
    [
      5.63495,
      6.2524,
      5.12625,
      6.681800000000001,
      6.8942499999999995,
      3.61465,
      4.27825,
      3.36205,
      5.41675,
      2.5176,
      3.9788,
      4.43675,
      4.6195,
      0.0,
      2.6062000000000003,
      2.2595,
      4.15925,
      3.5888,
      3.35305,
      3.6326,
      2.65045,
      6.46075,
      2.246,
      4.5986,
      8.4043,
      5.2010000000000005,
      5.58755,
      5.80735,
      5.8834,
      5.5531,
      7.1079,
      6.00765,
      6.3143,
      6.579750000000001,
      6.2691,
      6.78935,
      9.287399999999998,
      6.9502500000000005,
      7.01365,
      7.18245,
      7.556150000000001,
      8.623449999999998,
      10.1886,
      9.5293,
      12.56905,
      11.64165,
      10.4343,
      14.4253,
      14.1747,
      11.96085,
      19.8779
    ],
    [
      5.2283,
      6.42305,
      6.0187,
      6.2751,
      7.43905,
      5.0459,
      3.8716,
      4.701650000000001,
      4.330550000000001,
      3.85715,
      3.4809,
      6.046749999999999,
      3.7708,
      2.6062000000000003,
      0.0,
      3.67815,
      5.5779,
      5.0075,
      4.668150000000001,
      5.0513,
      3.68745,
      7.3416500000000005,
      3.4361500000000005,
      5.665050000000001,
      9.823,
      6.2362,
      6.2747,
      6.44705,
      6.5706,
      6.18355,
      6.61245,
      5.66235,
      6.94475,
      7.2101999999999995,
      6.34595,
      6.86615,
      10.7061,
      6.4548000000000005,
      6.66955,
      6.687050000000001,
      8.18655,
      8.1281,
      10.310300000000002,
      9.0339,
      13.1995,
      11.1463,
      11.06475,
      14.502,
      14.5024,
      12.59125,
      20.50835
    ],
    [
      6.1892,
      6.0881,
      5.5988999999999995,
      6.66125,
      7.366899999999999,
      4.0873,
      4.8041,
      3.7186,
      5.97155,
      2.9902499999999996,
      5.4953,
      3.62095,
      6.4146,
      2.2595,
      3.67815,
      0.0,
      2.94135,
      2.3173500000000002,
      1.2099000000000002,
      1.8466,
      2.2544500000000003,
      3.5284000000000004,
      1.3099000000000003,
      2.9288999999999996,
      7.0716,
      3.7661000000000002,
      4.1526,
      4.3815,
      4.4485,
      4.763450000000001,
      7.563949999999999,
      5.4245,
      5.5245999999999995,
      5.2346,
      5.6568000000000005,
      5.98755,
      7.9547,
      7.40625,
      6.4317,
      7.58945,
      6.76645,
      9.079550000000001,
      9.429,
      9.98535,
      11.779399999999999,
      11.4825,
      9.644649999999999,
      12.436050000000002,
      12.4365,
      11.17115,
      19.088250000000002
    ],
    [
      6.67375,
      6.2241,
      5.998950000000001,
      6.597849999999999,
      7.3035,
      4.3866000000000005,
      5.65855,
      3.30755,
      6.6241,
      3.8489,
      6.63945,
      1.2742499999999999,
      7.7565,
      4.15925,
      5.5779,
      2.94135,
      0.0,
      0.7916,
      2.1432,
      1.42065,
      4.12485,
      3.173,
      3.90985,
      2.9000500000000002,
      4.8672,
      3.8324499999999997,
      4.218999999999999,
      4.5288,
      4.514849999999999,
      4.974349999999999,
      9.463750000000001,
      6.0227,
      6.05365,
      5.402699999999999,
      6.1859,
      6.5165999999999995,
      5.7503,
      9.30605,
      8.2523,
      9.496749999999999,
      6.799049999999999,
      10.979299999999999,
      9.555150000000001,
      11.88515,
      11.958400000000001,
      13.38975,
      10.1737,
      12.651900000000001,
      12.769200000000001,
      11.700199999999999,
      19.6173
    ],
    [
      6.984999999999999,
      6.535450000000001,
      6.31025,
      6.9091000000000005,
      7.614750000000001,
      4.69785,
      5.61345,
      3.61885,
      6.7809,
      3.80385,
      6.5944,
      1.6155499999999998,
      7.711450000000001,
      3.5888,
      5.0075,
      2.3173500000000002,
      0.7916,
      0.0,
      1.5192,
      0.8210999999999999,
      3.7266999999999997,
      2.9766000000000004,
      3.28585,
      2.5962500000000004,
      5.0366,
      3.52865,
      3.9151999999999996,
      4.225,
      4.21105,
      4.6705000000000005,
      8.89325,
      5.71885,
      5.74985,
      5.0988500000000005,
      5.88205,
      6.2128,
