{
  "metadata": {
    "name": "irp_hanoi_lognormal_20_customers_seed123",
    "n": 20,
    "T": 7,
    "m": 2,
    "c_d": 3500.0,
    "c_t": 74000.0,
    "Q": 500.0
  },
  "depot": {
    "index": 0,
    "lon": 105.864567,
    "lat": 20.996789
  },
  "customers": [
    {
      "customer_id": 0,
      "lon": 105.872345,
      "lat": 20.998901,
      "initial_inventory": 27.0,
      "min_inventory": 10.0,
      "tank_capacity": 84.0,
      "lead_time_days": 18.0,
      "service_time_h": 0.25,
      "holding_cost_vnd": 224.0,
      "time_window_start_h": 14.0,
      "time_window_end_h": 18.0,
      "daily_demand": [
        7.0,
        7.0,
        8.0,
        7.0,
        6.0,
        13.0,
        10.0
      ]
    },
    {
      "customer_id": 1,
      "lon": 105.861234,
      "lat": 21.004567,
      "initial_inventory": 78.0,
      "min_inventory": 19.0,
      "tank_capacity": 165.0,
      "lead_time_days": 18.0,
      "service_time_h": 0.25,
      "holding_cost_vnd": 171.0,
      "time_window_start_h": 14.0,
      "time_window_end_h": 18.0,
      "daily_demand": [
        18.0,
        24.0,
        19.0,
        21.0,
        25.0,
        29.0,
        35.0
      ]
    },
    {
      "customer_id": 2,
      "lon": 105.846789,
      "lat": 21.001234,
      "initial_inventory": 87.0,
      "min_inventory": 35.0,
      "tank_capacity": 233.0,
      "lead_time_days": 12.0,
      "service_time_h": 0.25,
      "holding_cost_vnd": 207.0,
      "time_window_start_h": 8.0,
      "time_window_end_h": 12.0,
      "daily_demand": [
        48.0,
        27.0,
        25.0,
        30.0,
        30.0,
        23.0,
        24.0
      ]
    },
    {
      "customer_id": 3,
      "lon": 105.844567,
      "lat": 20.99789,
      "initial_inventory": 105.0,
      "min_inventory": 31.0,
      "tank_capacity": 199.0,
      "lead_time_days": 18.0,
      "service_time_h": 0.25,
      "holding_cost_vnd": 441.0,
      "time_window_start_h": 14.0,
      "time_window_end_h": 18.0,
      "daily_demand": [
        32.0,
        41.0,
        23.0,
        20.0,
        23.0,
        18.0,
        23.0
      ]
    },
    {
      "customer_id": 4,
      "lon": 105.84789,
      "lat": 20.984567,
      "initial_inventory": 51.0,
      "min_inventory": 17.0,
      "tank_capacity": 145.0,
      "lead_time_days": 18.0,
      "service_time_h": 0.25,
      "holding_cost_vnd": 498.0,
      "time_window_start_h": 14.0,
      "time_window_end_h": 18.0,
      "daily_demand": [
        21.0,
        18.0,
        26.0,
        19.0,
        21.0,
        17.0,
        27.0
      ]
    },
    {
      "customer_id": 5,
      "lon": 105.844567,
      "lat": 21.006789,
      "initial_inventory": 97.0,
      "min_inventory": 25.0,
      "tank_capacity": 246.0,
      "lead_time_days": 18.0,
      "service_time_h": 0.25,
      "holding_cost_vnd": 248.0,
      "time_window_start_h": 14.0,
      "time_window_end_h": 18.0,
      "daily_demand": [
        17.0,
        22.0,
        17.0,
        31.0,
        31.0,
        20.0,
        39.0
      ]
    },
    {
      "customer_id": 6,
      "lon": 105.836789,
      "lat": 20.984567,
      "initial_inventory": 53.0,
      "min_inventory": 26.0,
      "tank_capacity": 174.0,
      "lead_time_days": 18.0,
      "service_time_h": 0.25,
      "holding_cost_vnd": 285.0,
      "time_window_start_h": 14.0,
      "time_window_end_h": 18.0,
      "daily_demand": [
        15.0,
        11.0,
        15.0,
        18.0,
        15.0,
        32.0,
        21.0
      ]
    },
    {
      "customer_id": 7,
      "lon": 105.826789,
      "lat": 21.006789,
      "initial_inventory": 25.0,
      "min_inventory": 14.0,
      "tank_capacity": 80.0,
      "lead_time_days": 18.0,
      "service_time_h": 0.25,
      "holding_cost_vnd": 234.0,
      "time_window_start_h": 14.0,
      "time_window_end_h": 18.0,
      "daily_demand": [
        13.0,
        12.0,
        5.0,
        7.0,
        3.0,
        6.0,
        11.0
      ]
    },
    {
      "customer_id": 8,
      "lon": 105.818901,
      "lat": 20.994567,
      "initial_inventory": 84.0,
      "min_inventory": 36.0,
      "tank_capacity": 188.0,
      "lead_time_days": 18.0,
      "service_time_h": 0.25,
      "holding_cost_vnd": 246.0,
      "time_window_start_h": 14.0,
      "time_window_end_h": 18.0,
      "daily_demand": [
        14.0,
        15.0,
        20.0,
        23.0,
        16.0,
        17.0,
        23.0
      ]
    },
    {
      "customer_id": 9,
      "lon": 105.830123,
      "lat": 21.028901,
      "initial_inventory": 85.0,
      "min_inventory": 31.0,
      "tank_capacity": 192.0,
      "lead_time_days": 18.0,
      "service_time_h": 0.25,
      "holding_cost_vnd": 375.0,
      "time_window_start_h": 14.0,
      "time_window_end_h": 18.0,
      "daily_demand": [
        20.0,
        17.0,
        20.0,
        19.0,
        20.0,
        33.0,
        17.0
      ]
    },
    {
      "customer_id": 10,
      "lon": 105.822345,
      "lat": 21.018901,
      "initial_inventory": 56.0,
      "min_inventory": 32.0,
      "tank_capacity": 167.0,
      "lead_time_days": 18.0,
      "service_time_h": 0.25,
      "holding_cost_vnd": 394.0,
      "time_window_start_h": 14.0,
      "time_window_end_h": 18.0,
      "daily_demand": [
        15.0,
        28.0,
        15.0,
        30.0,
        17.0,
        19.0,
        23.0
      ]
    },
    {
      "customer_id": 11,
      "lon": 105.816789,
      "lat": 21.012345,
      "initial_inventory": 30.0,
      "min_inventory": 15.0,
      "tank_capacity": 80.0,
      "lead_time_days": 12.0,
      "service_time_h": 0.25,
      "holding_cost_vnd": 227.0,
      "time_window_start_h": 8.0,
      "time_window_end_h": 12.0,
      "daily_demand": [
        11.0,
        10.0,
        7.0,
        7.0,
        8.0,
        8.0,
        6.0
      ]
    },
    {
      "customer_id": 12,
      "lon": 105.808901,
      "lat": 21.012345,
      "initial_inventory": 24.0,
      "min_inventory": 10.0,
      "tank_capacity": 80.0,
      "lead_time_days": 18.0,
      "service_time_h": 0.25,
      "holding_cost_vnd": 158.0,
      "time_window_start_h": 14.0,
      "time_window_end_h": 18.0,
      "daily_demand": [
        5.0,
        6.0,
        5.0,
        8.0,
        5.0,
        5.0,
        5.0
      ]
    },
    {
      "customer_id": 13,
      "lon": 105.806789,
      "lat": 21.002345,
      "initial_inventory": 39.0,
      "min_inventory": 17.0,
      "tank_capacity": 93.0,
      "lead_time_days": 18.0,
      "service_time_h": 0.25,
      "holding_cost_vnd": 383.0,
      "time_window_start_h": 14.0,
      "time_window_end_h": 18.0,
      "daily_demand": [
        10.0,
        8.0,
        13.0,
        9.0,
        10.0,
        11.0,
        13.0
      ]
    },
    {
      "customer_id": 14,
      "lon": 105.801234,
      "lat": 21.035678,
      "initial_inventory": 50.0,
      "min_inventory": 18.0,
      "tank_capacity": 106.0,
      "lead_time_days": 18.0,
      "service_time_h": 0.25,
      "holding_cost_vnd": 276.0,
      "time_window_start_h": 14.0,
      "time_window_end_h": 18.0,
      "daily_demand": [
        12.0,
        11.0,
        6.0,
        10.0,
        8.0,
        10.0,
        14.0
      ]
    },
    {
      "customer_id": 15,
      "lon": 105.785678,
      "lat": 21.041234,
      "initial_inventory": 39.0,
      "min_inventory": 12.0,
      "tank_capacity": 92.0,
      "lead_time_days": 18.0,
      "service_time_h": 0.25,
      "holding_cost_vnd": 467.0,
      "time_window_start_h": 14.0,
      "time_window_end_h": 18.0,
      "daily_demand": [
        12.0,
        10.0,
        11.0,
        6.0,
        10.0,
        12.0,
        8.0
      ]
    },
    {
      "customer_id": 16,
      "lon": 105.774567,
      "lat": 20.966789,
      "initial_inventory": 73.0,
      "min_inventory": 24.0,
      "tank_capacity": 133.0,
      "lead_time_days": 18.0,
      "service_time_h": 0.25,
      "holding_cost_vnd": 264.0,
      "time_window_start_h": 14.0,
      "time_window_end_h": 18.0,
      "daily_demand": [
        14.0,
        11.0,
        17.0,
        17.0,
        11.0,
        19.0,
        12.0
      ]
    },
    {
      "customer_id": 17,
      "lon": 105.758901,
      "lat": 20.992345,
      "initial_inventory": 53.0,
      "min_inventory": 20.0,
      "tank_capacity": 109.0,
      "lead_time_days": 12.0,
      "service_time_h": 0.25,
      "holding_cost_vnd": 111.0,
      "time_window_start_h": 8.0,
      "time_window_end_h": 12.0,
      "daily_demand": [
        25.0,
        12.0,
        14.0,
        14.0,
        11.0,
        8.0,
        11.0
      ]
    },
    {
      "customer_id": 18,
      "lon": 105.762345,
      "lat": 21.034567,
      "initial_inventory": 112.0,
      "min_inventory": 38.0,
      "tank_capacity": 294.0,
      "lead_time_days": 18.0,
      "service_time_h": 0.25,
      "holding_cost_vnd": 390.0,
      "time_window_start_h": 14.0,
      "time_window_end_h": 18.0,
      "daily_demand": [
        40.0,
        26.0,
        26.0,
        45.0,
        33.0,
        35.0,
        37.0
      ]
    },
    {
      "customer_id": 19,
      "lon": 105.752345,
      "lat": 21.064567,
      "initial_inventory": 43.0,
      "min_inventory": 12.0,
      "tank_capacity": 80.0,
      "lead_time_days": 18.0,
      "service_time_h": 0.25,
      "holding_cost_vnd": 494.0,
      "time_window_start_h": 14.0,
      "time_window_end_h": 18.0,
      "daily_demand": [
        7.0,
        9.0,
        9.0,
        8.0,
        6.0,
        10.0,
        5.0
      ]
    }
  ],
  "distance_matrix_km": [
    [
      0.0,
      1.4132000000000002,
      1.6351499999999999,
      3.01215,
      2.77215,
      3.4871999999999996,
      3.8914,
      4.698049999999999,
      5.0632,
      6.66015,
      7.232200000000001,
      6.997999999999999,
      6.29495,
      6.56925,
      7.228149999999999,
      10.19615,
      11.8122,
      11.64345,
      13.58455,
      13.3478,
      17.07385
    ],
    [
      1.4132000000000002,
      0.0,
      2.2133000000000003,
      4.059,
      3.81895,
      4.534,
      4.583349999999999,
      5.7448500000000005,
      6.109999999999999,
      7.70695,
      7.3203499999999995,
      6.9254,
      7.341749999999999,
      7.6160499999999995,
      8.27495,
      11.242999999999999,
      12.859,
      12.690249999999999,
      14.631350000000001,
      14.3946,
      18.120649999999998
    ],
    [
      1.6351499999999999,
      2.2133000000000003,
      0.0,
      2.293,
      3.4477,
      4.283049999999999,
      2.916,
      5.64655,
      4.97475,
      7.398199999999999,
      6.051450000000001,
      5.48625,
      6.28575,
      7.3073,
      7.9662,
      10.075,
      11.8094,
      12.381499999999999,
      14.322600000000001,
      13.2732,
      17.07105
    ],
    [
      3.01215,
      4.059,
      2.293,
      0.0,
      1.2772999999999999,
      3.27705,
      1.3634499999999998,
      3.4762,
      3.60405,
      5.2010000000000005,
      4.56025,
      3.995,
      4.83575,
      5.110049999999999,
      5.769,
      8.737,
      10.35305,
      10.1843,
      12.125399999999999,
      11.888649999999998,
      15.6147
    ],
    [
      2.77215,
      3.81895,
      3.4477,
      1.2772999999999999,
      0.0,
      2.7051499999999997,
      1.8457999999999999,
      2.8740500000000004,
      3.02875,
      4.6257,
      5.19775,
      4.96355,
      4.2604500000000005,
      4.53475,
      5.1937,
      8.1617,
      9.77775,
      9.609000000000002,
      11.5501,
      11.31335,
      15.0394
    ],
    [
      3.4871999999999996,
      4.534,
      4.283049999999999,
      3.27705,
      2.7051499999999997,
      0.0,
      3.7590500000000002,
      1.9127999999999998,
      4.8259,
      5.4252,
      6.99545,
      6.21665,
      6.057600000000001,
      6.3319,
      6.9908,
      9.9589,
      11.574850000000001,
      11.40615,
      13.3472,
      13.11045,
      16.8365
    ],
    [
      3.8914,
      4.583349999999999,
      2.916,
      1.3634499999999998,
      1.8457999999999999,
      3.7590500000000002,
      0.0,
      4.05015,
      2.8475,
      5.77495,
      3.98205,
      3.4168000000000003,
      4.1495,
      5.684049999999999,
      6.34295,
      7.28425,
      9.07945,
      10.7583,
      12.699349999999999,
      11.3194,
      14.34105
    ],
    [
      4.698049999999999,
      5.7448500000000005,
      5.64655,
      3.4762,
      2.8740500000000004,
      1.9127999999999998,
      4.05015,
      0.0,
      3.9769500000000004,
      4.5946,
      6.82795,
      5.8967,
      5.20035,
      5.4746500000000005,
      6.1335500000000005,
      9.101650000000001,
      10.717600000000001,
      10.5489,
      12.48995,
      12.2532,
      15.97925
    ],
    [
      5.0632,
      6.109999999999999,
      4.97475,
      3.60405,
      3.02875,
      4.8259,
      2.8475,
      3.9769500000000004,
      0.0,
      4.2165,
      3.76995,
      2.8568499999999997,
      2.2791,
      3.46995,
      4.1796500000000005,
      6.0207,
      7.69345,
      8.6506,
      10.59165,
      9.710849999999999,
      12.955100000000002
    ],
    [
      6.66015,
      7.70695,
      7.398199999999999,
      5.2010000000000005,
      4.6257,
      5.4252,
      5.77495,
      4.5946,
      4.2165,
      0.0,
      5.840949999999999,
      4.5169,
      3.27645,
      3.4675000000000002,
      3.2590500000000002,
      7.09445,
      8.7105,
      7.72415,
      9.66525,
      9.6061,
      13.972100000000001
    ],
    [
      7.232200000000001,
      7.3203499999999995,
      6.051450000000001,
      4.56025,
      5.19775,
      6.99545,
      3.98205,
      6.82795,
      3.76995,
      5.840949999999999,
      0.0,
      1.92355,
      2.8897500000000003,
      3.7626,
      4.75645,
      4.132199999999999,
      6.4164,
      10.342500000000001,
      10.58695,
      9.13495,
      12.156600000000001
    ],
    [
      6.997999999999999,
      6.9254,
      5.48625,
      3.995,
      4.96355,
      6.21665,
      3.4168000000000003,
      5.8967,
      2.8568499999999997,
      4.5169,
      1.92355,
      0.0,
      1.3548499999999999,
      2.5598,
      3.55205,
      4.79665,
      7.0142,
      9.3023,
      9.38255,
      9.33835,
      12.2758
    ],
    [
      6.29495,
      7.341749999999999,
      6.28575,
      4.83575,
      4.2604500000000005,
      6.057600000000001,
      4.1495,
      5.20035,
      2.2791,
      3.27645,
      2.8897500000000003,
      1.3548499999999999,
      0.0,
      1.3194,
      2.3016499999999995,
      4.94635,
      6.56235,
      8.0319,
      8.13215,
      8.09795,
      11.824000000000002
    ],
    [
      6.56925,
      7.6160499999999995,
      7.3073,
      5.110049999999999,
      4.53475,
      6.3319,
      5.684049999999999,
      5.4746500000000005,
      3.46995,
      3.4675000000000002,
      3.7626,
      2.5598,
      1.3194,
      0.0,
      1.74635,
      4.0226500000000005,
      5.63865,
      8.1155,
      7.322049999999999,
      7.174250000000001,
      10.900300000000001
    ],
    [
      7.228149999999999,
      8.27495,
      7.9662,
      5.769,
      5.1937,
      6.9908,
      6.34295,
      6.1335500000000005,
      4.1796500000000005,
      3.2590500000000002,
      4.75645,
      3.55205,
      2.3016499999999995,
      1.74635,
      0.0,
      5.2408,
      6.979100000000001,
      6.516,
      6.75,
      7.4881,
      11.8062
    ],
    [
      10.19615,
      11.242999999999999,
      10.075,
      8.737,
      8.1617,
      9.9589,
      7.28425,
      9.101650000000001,
      6.0207,
      7.09445,
      4.132199999999999,
      4.79665,
      4.94635,
      4.0226500000000005,
      5.2408,
      0.0,
      2.63485,
      11.62185,
      9.7797,
      5.2498000000000005,
      8.2714
    ],
    [
      11.8122,
      12.859,
      11.8094,
      10.35305,
      9.77775,
      11.574850000000001,
      9.07945,
      10.717600000000001,
      7.69345,
      8.7105,
      6.4164,
      7.0142,
      6.56235,
      5.63865,
      6.979100000000001,
      2.63485,
      0.0,
      11.6585,
      8.37265,
      3.8754,
      6.89705
    ],
    [
      11.64345,
      12.690249999999999,
      12.381499999999999,
      10.1843,
      9.609000000000002,
      11.40615,
      10.7583,
      10.5489,
      8.6506,
      7.72415,
      10.342500000000001,
      9.3023,
      8.0319,
      8.1155,
      6.516,
      11.62185,
      11.6585,
      0.0,
      4.62745,
      10.0472,
      15.771550000000001
    ],
    [
      13.58455,
      14.631350000000001,
      14.322600000000001,
      12.125399999999999,
      11.5501,
      13.3472,
      12.699349999999999,
      12.48995,
      10.59165,
      9.66525,
      10.58695,
      9.38255,
      8.13215,
      7.322049999999999,
      6.75,
      9.7797,
      8.37265,
      4.62745,
      0.0,
      7.13405,
      11.30905
    ],
    [
      13.3478,
      14.3946,
      13.2732,
      11.888649999999998,
      11.31335,
      13.11045,
      11.3194,
      12.2532,
      9.710849999999999,
      9.6061,
      9.13495,
      9.33835,
      8.09795,
      7.174250000000001,
      7.4881,
      5.2498000000000005,
      3.8754,
      10.0472,
      7.13405,
      0.0,
      4.7677499999999995
    ],
    [
      17.07385,
      18.120649999999998,
      17.07105,
      15.6147,
      15.0394,
      16.8365,
      14.34105,
      15.97925,
      12.955100000000002,
      13.972100000000001,
      12.156600000000001,
      12.2758,
      11.824000000000002,
      10.900300000000001,
      11.8062,
      8.2714,
      6.89705,
      15.771550000000001,
      11.30905,
      4.7677499999999995,
      0.0
    ]
  ]
}